dat = [...
%{
c = 0.25
%}








%/opt/nmrdata/tsmahesh/QXI_Hari_FalqonFact551Repeat/2289/pdata/1/integrals.txt
     1     25.312     25.267          2.27817
     2     25.212     25.162          2.28206
     3     25.162     25.115          2.25077
     4     25.066     25.012           2.2978
     5      0.265      0.157          2.53143
     6      0.118      0.003          2.48032
     7      0.002     -0.120          2.33756
     8     -0.157     -0.264          2.17282
     9    -36.473    -36.557          2.32325
    10    -36.568    -36.663          2.39407
    11    -36.740    -36.836          2.42943
    12    -36.837    -36.937          1.68462

%/opt/nmrdata/tsmahesh/QXI_Hari_FalqonFact551Repeat/2290/pdata/1/integrals.txt
     1     25.312     25.267         0.169718
     2     25.212     25.162        0.0539182
     3     25.162     25.115       -0.0875832
     4     25.066     25.012        -0.267099
     5      0.265      0.157         0.226709
     6      0.118      0.003        0.0914769
     7      0.002     -0.120         0.126705
     8     -0.157     -0.264         -0.33885
     9    -36.473    -36.557         0.173849
    10    -36.568    -36.663        0.0910313
    11    -36.740    -36.836        -0.096081
    12    -36.837    -36.937        -0.507852

%/opt/nmrdata/tsmahesh/QXI_Hari_FalqonFact551Repeat/2291/pdata/1/integrals.txt
     1     25.312     25.267         0.149963
     2     25.212     25.162       -0.0884835
     3     25.162     25.115         0.290007
     4     25.066     25.012        -0.272279
     5      0.265      0.157         0.199307
     6      0.118      0.003         0.124931
     7      0.002     -0.120        -0.145444
     8     -0.157     -0.264        -0.173467
     9    -36.473    -36.557          0.41872
    10    -36.568    -36.663        -0.132358
    11    -36.740    -36.836       -0.0356144
    12    -36.837    -36.937        -0.455951

%/opt/nmrdata/tsmahesh/QXI_Hari_FalqonFact551Repeat/2292/pdata/1/integrals.txt
     1     25.312     25.267       -0.0316758
     2     25.212     25.162      -0.00976037
     3     25.162     25.115        0.0838775
     4     25.066     25.012        -0.215458
     5      0.265      0.157       -0.0717253
     6      0.118      0.003        -0.122987
     7      0.002     -0.120       -0.0364288
     8     -0.157     -0.264        -0.102386
     9    -36.473    -36.557        0.0522373
    10    -36.568    -36.663        -0.300891
    11    -36.740    -36.836        0.0623163
    12    -36.837    -36.937       -0.0734687

%/opt/nmrdata/tsmahesh/QXI_Hari_FalqonFact551Repeat/2293/pdata/1/integrals.txt
     1     25.312     25.267         0.308565
     2     25.212     25.162        -0.146878
     3     25.162     25.115         0.143312
     4     25.066     25.012        -0.337608
     5      0.265      0.157         0.130784
     6      0.118      0.003        -0.155723
     7      0.002     -0.120         0.107908
     8     -0.157     -0.264        -0.106549
     9    -36.473    -36.557         0.288851
    10    -36.568    -36.663        -0.348783
    11    -36.740    -36.836         0.157908
    12    -36.837    -36.937        -0.398179

    
    
];