dat = [...


%/opt/nmrdata/tsmahesh/QXI_Hari_FalqonFact551Repeat/2299/pdata/1/integrals.txt
     1     25.312     25.267          2.27817
     2     25.212     25.162          2.28206
     3     25.162     25.115          2.25077
     4     25.066     25.012           2.2978
     5      0.265      0.157          2.53143
     6      0.118      0.003          2.48032
     7      0.002     -0.120          2.33756
     8     -0.157     -0.264          2.17282
     9    -36.473    -36.557          2.32325
    10    -36.568    -36.663          2.39407
    11    -36.740    -36.836          2.42943
    12    -36.837    -36.937          1.68462

%/opt/nmrdata/tsmahesh/QXI_Hari_FalqonFact551Repeat/2300/pdata/1/integrals.txt
     1     25.312     25.267         0.276541
     2     25.212     25.162        0.0107739
     3     25.162     25.115       -0.0705425
     4     25.066     25.012         -0.26644
     5      0.265      0.157         0.243599
     6      0.118      0.003        -0.156448
     7      0.002     -0.120        -0.067261
     8     -0.157     -0.264        -0.122887
     9    -36.473    -36.557         0.261084
    10    -36.568    -36.663       -0.0443039
    11    -36.740    -36.836       -0.0555469
    12    -36.837    -36.937        -0.465118

%/opt/nmrdata/tsmahesh/QXI_Hari_FalqonFact551Repeat/2301/pdata/1/integrals.txt
     1     25.312     25.267         0.226048
     2     25.212     25.162        -0.175786
     3     25.162     25.115        0.0367966
     4     25.066     25.012       -0.0458265
     5      0.265      0.157         0.121581
     6      0.118      0.003        0.0697463
     7      0.002     -0.120        -0.117376
     8     -0.157     -0.264        -0.212465
     9    -36.473    -36.557         0.116023
    10    -36.568    -36.663        0.0587707
    11    -36.740    -36.836         0.135361
    12    -36.837    -36.937        -0.542743

%/opt/nmrdata/tsmahesh/QXI_Hari_FalqonFact551Repeat/2302/pdata/1/integrals.txt
     1     25.312     25.267        0.0443435
     2     25.212     25.162        -0.112614
     3     25.162     25.115         0.180834
     4     25.066     25.012        -0.194573
     5      0.265      0.157        -0.335981
     6      0.118      0.003        -0.159588
     7      0.002     -0.120          0.13077
     8     -0.157     -0.264        0.0212908
     9    -36.473    -36.557        -0.100515
    10    -36.568    -36.663        -0.279513
    11    -36.740    -36.836         0.280546
    12    -36.837    -36.937        -0.138045

%/opt/nmrdata/tsmahesh/QXI_Hari_FalqonFact551Repeat/2303/pdata/1/integrals.txt
     1     25.312     25.267         0.454391
     2     25.212     25.162        -0.209328
     3     25.162     25.115        -0.191821
     4     25.066     25.012        -0.045043
     5      0.265      0.157        -0.134364
     6      0.118      0.003       -0.0914204
     7      0.002     -0.120         0.329841
     8     -0.157     -0.264        -0.219812
     9    -36.473    -36.557       -0.0990309
    10    -36.568    -36.663        0.0616056
    11    -36.740    -36.836         0.440795
    12    -36.837    -36.937        -0.242962

    
];
