dat = [...



%/opt/nmrdata/tsmahesh/QXI_Hari_FalqonFact551Repeat/2309/pdata/1/integrals.txt
     1     25.312     25.267          2.27817
     2     25.212     25.162          2.28206
     3     25.162     25.115          2.25077
     4     25.066     25.012           2.2978
     5      0.265      0.157          2.53143
     6      0.118      0.003          2.48032
     7      0.002     -0.120          2.33756
     8     -0.157     -0.264          2.17282
     9    -36.473    -36.557          2.32325
    10    -36.568    -36.663          2.39407
    11    -36.740    -36.836          2.42943
    12    -36.837    -36.937          1.68462

%/opt/nmrdata/tsmahesh/QXI_Hari_FalqonFact551Repeat/2310/pdata/1/integrals.txt
     1     25.312     25.267         0.292907
     2     25.212     25.162        0.0894532
     3     25.162     25.115       -0.0770816
     4     25.066     25.012        -0.316833
     5      0.265      0.157         0.370079
     6      0.118      0.003        -0.111739
     7      0.002     -0.120       -0.0930893
     8     -0.157     -0.264        -0.360357
     9    -36.473    -36.557         0.341183
    10    -36.568    -36.663       -0.0628328
    11    -36.740    -36.836       -0.0401548
    12    -36.837    -36.937        -0.466555

%/opt/nmrdata/tsmahesh/QXI_Hari_FalqonFact551Repeat/2311/pdata/1/integrals.txt
     1     25.312     25.267         0.235939
     2     25.212     25.162        0.0705886
     3     25.162     25.115      -0.00660569
     4     25.066     25.012        -0.251256
     5      0.265      0.157         0.175048
     6      0.118      0.003        0.0701721
     7      0.002     -0.120        -0.170382
     8     -0.157     -0.264        -0.274883
     9    -36.473    -36.557         0.311399
    10    -36.568    -36.663        0.0869711
    11    -36.740    -36.836       -0.0421715
    12    -36.837    -36.937        -0.531113

%/opt/nmrdata/tsmahesh/QXI_Hari_FalqonFact551Repeat/2312/pdata/1/integrals.txt
     1     25.312     25.267        0.0363561
     2     25.212     25.162       -0.0415126
     3     25.162     25.115         0.141891
     4     25.066     25.012        -0.200586
     5      0.265      0.157        -0.112189
     6      0.118      0.003         -0.38136
     7      0.002     -0.120         0.076567
     8     -0.157     -0.264         0.175929
     9    -36.473    -36.557         0.121289
    10    -36.568    -36.663        -0.405645
    11    -36.740    -36.836         0.131884
    12    -36.837    -36.937       -0.0820499

%/opt/nmrdata/tsmahesh/QXI_Hari_FalqonFact551Repeat/2313/pdata/1/integrals.txt
     1     25.312     25.267         0.117464
     2     25.212     25.162          0.13411
     3     25.162     25.115        -0.184805
     4     25.066     25.012        -0.115679
     5      0.265      0.157         0.139311
     6      0.118      0.003        -0.260176
     7      0.002     -0.120        0.0942294
     8     -0.157     -0.264        -0.161745
     9    -36.473    -36.557       -0.0239097
    10    -36.568    -36.663        -0.126755
    11    -36.740    -36.836        0.0418934
    12    -36.837    -36.937         0.172676    
];
