dat = [...


%/opt/nmrdata/tsmahesh/QXI_Hari_FalqonFact551Repeat/2319/pdata/1/integrals.txt
     1     25.312     25.267          2.27817
     2     25.212     25.162          2.28206
     3     25.162     25.115          2.25077
     4     25.066     25.012           2.2978
     5      0.265      0.157          2.53143
     6      0.118      0.003          2.48032
     7      0.002     -0.120          2.33756
     8     -0.157     -0.264          2.17282
     9    -36.473    -36.557          2.32325
    10    -36.568    -36.663          2.39407
    11    -36.740    -36.836          2.42943
    12    -36.837    -36.937          1.68462

%/opt/nmrdata/tsmahesh/QXI_Hari_FalqonFact551Repeat/2320/pdata/1/integrals.txt
     1     25.312     25.267         0.212344
     2     25.212     25.162          0.15106
     3     25.162     25.115        -0.076545
     4     25.066     25.012        -0.261824
     5      0.265      0.157         0.286918
     6      0.118      0.003       -0.0377667
     7      0.002     -0.120         0.134146
     8     -0.157     -0.264        -0.387157
     9    -36.473    -36.557         0.181707
    10    -36.568    -36.663        -0.068796
    11    -36.740    -36.836       -0.0475126
    12    -36.837    -36.937        -0.424886

%/opt/nmrdata/tsmahesh/QXI_Hari_FalqonFact551Repeat/2321/pdata/1/integrals.txt
     1     25.312     25.267       -0.0125625
     2     25.212     25.162         0.238835
     3     25.162     25.115         0.127551
     4     25.066     25.012         -0.23632
     5      0.265      0.157         0.188672
     6      0.118      0.003        0.0399974
     7      0.002     -0.120        -0.114017
     8     -0.157     -0.264        -0.231423
     9    -36.473    -36.557         0.249491
    10    -36.568    -36.663       -0.0806379
    11    -36.740    -36.836        -0.248241
    12    -36.837    -36.937          -0.2272

%/opt/nmrdata/tsmahesh/QXI_Hari_FalqonFact551Repeat/2322/pdata/1/integrals.txt
     1     25.312     25.267       -0.0554385
     2     25.212     25.162        0.0066269
     3     25.162     25.115         0.167359
     4     25.066     25.012        -0.225663
     5      0.265      0.157         0.147495
     6      0.118      0.003        -0.337046
     7      0.002     -0.120       -0.0764089
     8     -0.157     -0.264         0.252962
     9    -36.473    -36.557         0.160185
    10    -36.568    -36.663        -0.611244
    11    -36.740    -36.836       -0.0334373
    12    -36.837    -36.937        0.0508798

%/opt/nmrdata/tsmahesh/QXI_Hari_FalqonFact551Repeat/2323/pdata/1/integrals.txt
     1     25.312     25.267        -0.126799
     2     25.212     25.162         0.356668
     3     25.162     25.115        0.0819483
     4     25.066     25.012        -0.297414
     5      0.265      0.157         0.362482
     6      0.118      0.003        -0.499913
     7      0.002     -0.120        -0.155922
     8     -0.157     -0.264         0.155303
     9    -36.473    -36.557         0.174297
    10    -36.568    -36.663        -0.450412
    11    -36.740    -36.836        -0.215463
    12    -36.837    -36.937         0.262239
    
    
    ];
