dat = [...
%{
c = 0.25
%}




%/opt/nmrdata/tsmahesh/QXI_Hari_FalqonFact551Repeat/2349/pdata/1/integrals.txt
     1     25.312     25.267          2.27817
     2     25.212     25.162          2.28206
     3     25.162     25.115          2.25077
     4     25.066     25.012           2.2978
     5      0.265      0.157          2.53143
     6      0.118      0.003          2.48032
     7      0.002     -0.120          2.33756
     8     -0.157     -0.264          2.17282
     9    -36.473    -36.557          2.32325
    10    -36.568    -36.663          2.39407
    11    -36.740    -36.836          2.42943
    12    -36.837    -36.937          1.68462

%/opt/nmrdata/tsmahesh/QXI_Hari_FalqonFact551Repeat/2350/pdata/1/integrals.txt
     1     25.312     25.267         0.174381
     2     25.212     25.162         0.102107
     3     25.162     25.115       -0.0187853
     4     25.066     25.012        -0.167556
     5      0.265      0.157         0.134294
     6      0.118      0.003        -0.101822
     7      0.002     -0.120        0.0653037
     8     -0.157     -0.264        -0.176763
     9    -36.473    -36.557         0.163683
    10    -36.568    -36.663       -0.0494907
    11    -36.740    -36.836       0.00118978
    12    -36.837    -36.937        -0.278198

%/opt/nmrdata/tsmahesh/QXI_Hari_FalqonFact551Repeat/2351/pdata/1/integrals.txt
     1     25.312     25.267       -0.0342318
     2     25.212     25.162         0.163194
     3     25.162     25.115       -0.0542018
     4     25.066     25.012        -0.023606
     5      0.265      0.157         0.135335
     6      0.118      0.003       -0.0569887
     7      0.002     -0.120       -0.0715724
     8     -0.157     -0.264        -0.172894
     9    -36.473    -36.557     -0.000255472
    10    -36.568    -36.663        0.0876336
    11    -36.740    -36.836       -0.0697452
    12    -36.837    -36.937       -0.0783588

%/opt/nmrdata/tsmahesh/QXI_Hari_FalqonFact551Repeat/2352/pdata/1/integrals.txt
     1     25.312     25.267       -0.0364684
     2     25.212     25.162        0.0781943
     3     25.162     25.115         0.153339
     4     25.066     25.012        -0.247046
     5      0.265      0.157        0.0400509
     6      0.118      0.003        -0.191486
     7      0.002     -0.120         0.128161
     8     -0.157     -0.264         0.027576
     9    -36.473    -36.557       -0.0636708
    10    -36.568    -36.663        -0.324414
    11    -36.740    -36.836         0.135041
    12    -36.837    -36.937         0.052496

%/opt/nmrdata/tsmahesh/QXI_Hari_FalqonFact551Repeat/2353/pdata/1/integrals.txt
     1     25.312     25.267         0.170052
     2     25.212     25.162        0.0689698
     3     25.162     25.115        -0.226769
     4     25.066     25.012         0.049987
     5      0.265      0.157       -0.0608753
     6      0.118      0.003        -0.128897
     7      0.002     -0.120         0.267031
     8     -0.157     -0.264        -0.147142
     9    -36.473    -36.557        -0.250532
    10    -36.568    -36.663        0.0271873
    11    -36.740    -36.836         0.164116
    12    -36.837    -36.937        0.0817283

    
    ];