dat = [...
%{
c = 0.25
%}




%/opt/nmrdata/tsmahesh/QXI_Hari_FalqonFact551Repeat/2329/pdata/1/integrals.txt
     1     25.312     25.267          2.27817
     2     25.212     25.162          2.28206
     3     25.162     25.115          2.25077
     4     25.066     25.012           2.2978
     5      0.265      0.157          2.53143
     6      0.118      0.003          2.48032
     7      0.002     -0.120          2.33756
     8     -0.157     -0.264          2.17282
     9    -36.473    -36.557          2.32325
    10    -36.568    -36.663          2.39407
    11    -36.740    -36.836          2.42943
    12    -36.837    -36.937          1.68462

%/opt/nmrdata/tsmahesh/QXI_Hari_FalqonFact551Repeat/2330/pdata/1/integrals.txt
     1     25.312     25.267         0.173804
     2     25.212     25.162        0.0943427
     3     25.162     25.115       -0.0328733
     4     25.066     25.012        -0.170108
     5      0.265      0.157         0.140284
     6      0.118      0.003        -0.100308
     7      0.002     -0.120        0.0628154
     8     -0.157     -0.264        -0.172699
     9    -36.473    -36.557         0.161264
    10    -36.568    -36.663       -0.0593654
    11    -36.740    -36.836       -0.0144316
    12    -36.837    -36.937        -0.280621

%/opt/nmrdata/tsmahesh/QXI_Hari_FalqonFact551Repeat/2331/pdata/1/integrals.txt
     1     25.312     25.267       -0.0276736
     2     25.212     25.162         0.149339
     3     25.162     25.115       -0.0512744
     4     25.066     25.012       -0.0132564
     5      0.265      0.157         0.128092
     6      0.118      0.003       -0.0411673
     7      0.002     -0.120       -0.0665407
     8     -0.157     -0.264        -0.184078
     9    -36.473    -36.557      -0.00364516
    10    -36.568    -36.663        0.0869796
    11    -36.740    -36.836       -0.0877453
    12    -36.837    -36.937       -0.0735866

%/opt/nmrdata/tsmahesh/QXI_Hari_FalqonFact551Repeat/2332/pdata/1/integrals.txt
     1     25.312     25.267       -0.0442223
     2     25.212     25.162        0.0706862
     3     25.162     25.115          0.15079
     4     25.066     25.012        -0.262019
     5      0.265      0.157        0.0423494
     6      0.118      0.003         -0.17839
     7      0.002     -0.120         0.116284
     8     -0.157     -0.264        0.0275841
     9    -36.473    -36.557       -0.0607061
    10    -36.568    -36.663        -0.321573
    11    -36.740    -36.836         0.126584
    12    -36.837    -36.937        0.0442103

%/opt/nmrdata/tsmahesh/QXI_Hari_FalqonFact551Repeat/2333/pdata/1/integrals.txt
     1     25.312     25.267         0.169783
     2     25.212     25.162        0.0538306
     3     25.162     25.115        -0.241617
     4     25.066     25.012        0.0554213
     5      0.265      0.157       -0.0593391
     6      0.118      0.003        -0.116648
     7      0.002     -0.120         0.265074
     8     -0.157     -0.264        -0.149079
     9    -36.473    -36.557        -0.247398
    10    -36.568    -36.663        0.0231442
    11    -36.740    -36.836          0.15907
    12    -36.837    -36.937        0.0739009

    
    
    ];