dat = [...
%{
c = 0.25
%}





%/opt/nmrdata/tsmahesh/QXI_Hari_FalqonFact551Repeat/2339/pdata/1/integrals.txt
     1     25.312     25.267          2.27817
     2     25.212     25.162          2.28206
     3     25.162     25.115          2.25077
     4     25.066     25.012           2.2978
     5      0.265      0.157          2.53143
     6      0.118      0.003          2.48032
     7      0.002     -0.120          2.33756
     8     -0.157     -0.264          2.17282
     9    -36.473    -36.557          2.32325
    10    -36.568    -36.663          2.39407
    11    -36.740    -36.836          2.42943
    12    -36.837    -36.937          1.68462

%/opt/nmrdata/tsmahesh/QXI_Hari_FalqonFact551Repeat/2340/pdata/1/integrals.txt
     1     25.312     25.267         0.171044
     2     25.212     25.162         0.110665
     3     25.162     25.115         -0.04238
     4     25.066     25.012        -0.180208
     5      0.265      0.157         0.148897
     6      0.118      0.003        -0.108368
     7      0.002     -0.120        0.0792037
     8     -0.157     -0.264        -0.171618
     9    -36.473    -36.557         0.135446
    10    -36.568    -36.663       -0.0534321
    11    -36.740    -36.836       -0.0108916
    12    -36.837    -36.937        -0.287472

%/opt/nmrdata/tsmahesh/QXI_Hari_FalqonFact551Repeat/2341/pdata/1/integrals.txt
     1     25.312     25.267       -0.0556853
     2     25.212     25.162         0.180358
     3     25.162     25.115       -0.0277242
     4     25.066     25.012       -0.0239516
     5      0.265      0.157         0.150057
     6      0.118      0.003       -0.0592993
     7      0.002     -0.120       -0.0659332
     8     -0.157     -0.264        -0.184371
     9    -36.473    -36.557      -0.00923283
    10    -36.568    -36.663         0.055919
    11    -36.740    -36.836        -0.113681
    12    -36.837    -36.937        -0.053405

%/opt/nmrdata/tsmahesh/QXI_Hari_FalqonFact551Repeat/2342/pdata/1/integrals.txt
     1     25.312     25.267       -0.0694357
     2     25.212     25.162        0.0757318
     3     25.162     25.115           0.1642
     4     25.066     25.012         -0.25478
     5      0.265      0.157         0.033942
     6      0.118      0.003        -0.195334
     7      0.002     -0.120         0.107844
     8     -0.157     -0.264        0.0566467
     9    -36.473    -36.557       -0.0892961
    10    -36.568    -36.663        -0.354481
    11    -36.740    -36.836         0.144703
    12    -36.837    -36.937        0.0582007

%/opt/nmrdata/tsmahesh/QXI_Hari_FalqonFact551Repeat/2343/pdata/1/integrals.txt
     1     25.312     25.267         0.145958
     2     25.212     25.162         0.101067
     3     25.162     25.115        -0.217113
     4     25.066     25.012        0.0178804
     5      0.265      0.157       -0.0395528
     6      0.118      0.003        -0.180266
     7      0.002     -0.120         0.244539
     8     -0.157     -0.264       -0.0915008
     9    -36.473    -36.557        -0.242575
    10    -36.568    -36.663       -0.0487844
    11    -36.740    -36.836         0.117576
    12    -36.837    -36.937         0.123658
    
    
    ];