dat = [...
%{
c = 0.25
%}





%/opt/nmrdata/tsmahesh/QXI_Hari_FalqonFact551Repeat/2359/pdata/1/integrals.txt
     1     25.312     25.267          2.27817
     2     25.212     25.162          2.28206
     3     25.162     25.115          2.25077
     4     25.066     25.012           2.2978
     5      0.265      0.157          2.53143
     6      0.118      0.003          2.48032
     7      0.002     -0.120          2.33756
     8     -0.157     -0.264          2.17282
     9    -36.473    -36.557          2.32325
    10    -36.568    -36.663          2.39407
    11    -36.740    -36.836          2.42943
    12    -36.837    -36.937          1.68462

%/opt/nmrdata/tsmahesh/QXI_Hari_FalqonFact551Repeat/2360/pdata/1/integrals.txt
     1     25.312     25.267         0.200755
     2     25.212     25.162       -0.0209655
     3     25.162     25.115      -0.00675458
     4     25.066     25.012        -0.197732
     5      0.265      0.157         0.204967
     6      0.118      0.003        -0.087328
     7      0.002     -0.120       -0.0743668
     8     -0.157     -0.264        -0.245884
     9    -36.473    -36.557         0.253543
    10    -36.568    -36.663       -0.0627902
    11    -36.740    -36.836       -0.0225124
    12    -36.837    -36.937         -0.32781

%/opt/nmrdata/tsmahesh/QXI_Hari_FalqonFact551Repeat/2361/pdata/1/integrals.txt
     1     25.312     25.267         0.187563
     2     25.212     25.162        0.0146855
     3     25.162     25.115       0.00959883
     4     25.066     25.012        -0.210631
     5      0.265      0.157         0.159392
     6      0.118      0.003       -0.0277257
     7      0.002     -0.120        -0.118153
     8     -0.157     -0.264        -0.260946
     9    -36.473    -36.557         0.199377
    10    -36.568    -36.663        0.0930434
    11    -36.740    -36.836        0.0393318
    12    -36.837    -36.937        -0.319218

%/opt/nmrdata/tsmahesh/QXI_Hari_FalqonFact551Repeat/2362/pdata/1/integrals.txt
     1     25.312     25.267        0.0538518
     2     25.212     25.162        0.0256085
     3     25.162     25.115         0.105682
     4     25.066     25.012        -0.305519
     5      0.265      0.157        0.0890306
     6      0.118      0.003        -0.196656
     7      0.002     -0.120        0.0939571
     8     -0.157     -0.264        -0.116763
     9    -36.473    -36.557         0.128439
    10    -36.568    -36.663         -0.13493
    11    -36.740    -36.836        0.0455729
    12    -36.837    -36.937        -0.214295

%/opt/nmrdata/tsmahesh/QXI_Hari_FalqonFact551Repeat/2363/pdata/1/integrals.txt
     1     25.312     25.267         0.403305
     2     25.212     25.162         -0.16255
     3     25.162     25.115        -0.181744
     4     25.066     25.012       -0.0400479
     5      0.265      0.157        0.0633685
     6      0.118      0.003      -0.00579645
     7      0.002     -0.120        0.0949054
     8     -0.157     -0.264        -0.385728
     9    -36.473    -36.557        0.0319205
    10    -36.568    -36.663         0.109374
    11    -36.740    -36.836         0.305215
    12    -36.837    -36.937        -0.201122
    
    ];