dat = [...


%/opt/nmrdata/tsmahesh/QXI_Hari_FalqonFact551Repeat/2369/pdata/1/integrals.txt
     1     25.312     25.267          2.27817
     2     25.212     25.162          2.28206
     3     25.162     25.115          2.25077
     4     25.066     25.012           2.2978
     5      0.265      0.157          2.53143
     6      0.118      0.003          2.48032
     7      0.002     -0.120          2.33756
     8     -0.157     -0.264          2.17282
     9    -36.473    -36.557          2.32325
    10    -36.568    -36.663          2.39407
    11    -36.740    -36.836          2.42943
    12    -36.837    -36.937          1.68462

%/opt/nmrdata/tsmahesh/QXI_Hari_FalqonFact551Repeat/2370/pdata/1/integrals.txt
     1     25.312     25.267         0.272226
     2     25.212     25.162       -0.0595181
     3     25.162     25.115          -0.1029
     4     25.066     25.012        -0.173681
     5      0.265      0.157         0.270457
     6      0.118      0.003      -0.00947459
     7      0.002     -0.120      -0.00239544
     8     -0.157     -0.264        -0.393241
     9    -36.473    -36.557         0.229155
    10    -36.568    -36.663        0.0426067
    11    -36.740    -36.836       -0.0118806
    12    -36.837    -36.937        -0.421417

%/opt/nmrdata/tsmahesh/QXI_Hari_FalqonFact551Repeat/2371/pdata/1/integrals.txt
     1     25.312     25.267         0.140449
     2     25.212     25.162       0.00376581
     3     25.162     25.115       0.00721873
     4     25.066     25.012        -0.150055
     5      0.265      0.157         0.154058
     6      0.118      0.003        0.0933081
     7      0.002     -0.120        -0.156154
     8     -0.157     -0.264        -0.303745
     9    -36.473    -36.557         0.256752
    10    -36.568    -36.663        0.0777968
    11    -36.740    -36.836        -0.180217
    12    -36.837    -36.937        -0.373226

%/opt/nmrdata/tsmahesh/QXI_Hari_FalqonFact551Repeat/2372/pdata/1/integrals.txt
     1     25.312     25.267        0.0905891
     2     25.212     25.162       -0.0277705
     3     25.162     25.115        0.0726223
     4     25.066     25.012        -0.283812
     5      0.265      0.157        0.0922831
     6      0.118      0.003        -0.233568
     7      0.002     -0.120       -0.0219398
     8     -0.157     -0.264        -0.009449
     9    -36.473    -36.557         0.232284
    10    -36.568    -36.663        -0.334142
    11    -36.740    -36.836        -0.120752
    12    -36.837    -36.937        -0.109752

%/opt/nmrdata/tsmahesh/QXI_Hari_FalqonFact551Repeat/2373/pdata/1/integrals.txt
     1     25.312     25.267         0.168857
     2     25.212     25.162        0.0958183
     3     25.162     25.115        0.0304754
     4     25.066     25.012        -0.292425
     5      0.265      0.157         0.276902
     6      0.118      0.003        -0.350488
     7      0.002     -0.120        -0.169527
     8     -0.157     -0.264       -0.0879321
     9    -36.473    -36.557         0.125703
    10    -36.568    -36.663          -0.2657
    11    -36.740    -36.836       -0.0618702
    12    -36.837    -36.937       -0.0773197
    
    ];
