dat = [...


%/opt/nmrdata/tsmahesh/QXI_Hari_FalqonFact551Repeat/2379/pdata/1/integrals.txt
     1     25.312     25.267          2.27817
     2     25.212     25.162          2.28206
     3     25.162     25.115          2.25077
     4     25.066     25.012           2.2978
     5      0.265      0.157          2.53143
     6      0.118      0.003          2.48032
     7      0.002     -0.120          2.33756
     8     -0.157     -0.264          2.17282
     9    -36.473    -36.557          2.32325
    10    -36.568    -36.663          2.39407
    11    -36.740    -36.836          2.42943
    12    -36.837    -36.937          1.68462

%/opt/nmrdata/tsmahesh/QXI_Hari_FalqonFact551Repeat/2380/pdata/1/integrals.txt
     1     25.312     25.267         0.239934
     2     25.212     25.162         0.016908
     3     25.162     25.115         -0.03736
     4     25.066     25.012        -0.204091
     5      0.265      0.157         0.230741
     6      0.118      0.003       -0.0937956
     7      0.002     -0.120        0.0692103
     8     -0.157     -0.264         -0.22059
     9    -36.473    -36.557          0.21411
    10    -36.568    -36.663        -0.101268
    11    -36.740    -36.836       -0.0242804
    12    -36.837    -36.937        -0.372649

%/opt/nmrdata/tsmahesh/QXI_Hari_FalqonFact551Repeat/2381/pdata/1/integrals.txt
     1     25.312     25.267       -0.0649138
     2     25.212     25.162          0.17193
     3     25.162     25.115        -0.170471
     4     25.066     25.012        0.0524361
     5      0.265      0.157        0.0413515
     6      0.118      0.003        0.0810141
     7      0.002     -0.120       -0.0221253
     8     -0.157     -0.264        -0.180674
     9    -36.473    -36.557        0.0219375
    10    -36.568    -36.663          0.13425
    11    -36.740    -36.836        -0.314997
    12    -36.837    -36.937        -0.154774

%/opt/nmrdata/tsmahesh/QXI_Hari_FalqonFact551Repeat/2382/pdata/1/integrals.txt
     1     25.312     25.267         0.104966
     2     25.212     25.162        -0.062618
     3     25.162     25.115        0.0522951
     4     25.066     25.012        -0.180392
     5      0.265      0.157       -0.0165004
     6      0.118      0.003        -0.290132
     7      0.002     -0.120        0.0367678
     8     -0.157     -0.264       0.00357686
     9    -36.473    -36.557        0.0199322
    10    -36.568    -36.663        -0.358907
    11    -36.740    -36.836        0.0715819
    12    -36.837    -36.937       -0.0812607

%/opt/nmrdata/tsmahesh/QXI_Hari_FalqonFact551Repeat/2383/pdata/1/integrals.txt
     1     25.312     25.267       -0.0901691
     2     25.212     25.162         0.318754
     3     25.162     25.115        -0.260084
     4     25.066     25.012       0.00316734
     5      0.265      0.157         0.103235
     6      0.118      0.003        -0.293486
     7      0.002     -0.120        0.0638455
     8     -0.157     -0.264       -0.0284818
     9    -36.473    -36.557        -0.231699
    10    -36.568    -36.663        -0.031896
    11    -36.740    -36.836        -0.209392
    12    -36.837    -36.937         0.298808


    
    ];
