dat = [...




%/opt/nmrdata/tsmahesh/QXI_Hari_FalqonFact551Repeat/2389/pdata/1/integrals.txt
     1     25.312     25.267          2.27817
     2     25.212     25.162          2.28206
     3     25.162     25.115          2.25077
     4     25.066     25.012           2.2978
     5      0.265      0.157          2.53143
     6      0.118      0.003          2.48032
     7      0.002     -0.120          2.33756
     8     -0.157     -0.264          2.17282
     9    -36.473    -36.557          2.32325
    10    -36.568    -36.663          2.39407
    11    -36.740    -36.836          2.42943
    12    -36.837    -36.937          1.68462

%/opt/nmrdata/tsmahesh/QXI_Hari_FalqonFact551Repeat/2390/pdata/1/integrals.txt
     1     25.312     25.267         0.190995
     2     25.212     25.162        -0.012839
     3     25.162     25.115       0.00192803
     4     25.066     25.012         -0.20902
     5      0.265      0.157         0.156315
     6      0.118      0.003        -0.121458
     7      0.002     -0.120        0.0334702
     8     -0.157     -0.264        -0.213442
     9    -36.473    -36.557         0.197127
    10    -36.568    -36.663       -0.0806354
    11    -36.740    -36.836      -0.00143304
    12    -36.837    -36.937        -0.351685

%/opt/nmrdata/tsmahesh/QXI_Hari_FalqonFact551Repeat/2391/pdata/1/integrals.txt
     1     25.312     25.267       -0.0639169
     2     25.212     25.162         0.156588
     3     25.162     25.115       -0.0313363
     4     25.066     25.012       -0.0747745
     5      0.265      0.157       -0.0178536
     6      0.118      0.003      -0.00795748
     7      0.002     -0.120       -0.0159845
     8     -0.157     -0.264        -0.186696
     9    -36.473    -36.557         0.106483
    10    -36.568    -36.663        0.0955079
    11    -36.740    -36.836         -0.21026
    12    -36.837    -36.937        -0.079551

%/opt/nmrdata/tsmahesh/QXI_Hari_FalqonFact551Repeat/2392/pdata/1/integrals.txt
     1     25.312     25.267         0.140132
     2     25.212     25.162        -0.107342
     3     25.162     25.115        0.0415179
     4     25.066     25.012        -0.165732
     5      0.265      0.157       -0.0736135
     6      0.118      0.003        -0.242189
     7      0.002     -0.120        0.0192177
     8     -0.157     -0.264        -0.160525
     9    -36.473    -36.557        0.0287878
    10    -36.568    -36.663        -0.275154
    11    -36.740    -36.836         0.144943
    12    -36.837    -36.937        -0.175795

%/opt/nmrdata/tsmahesh/QXI_Hari_FalqonFact551Repeat/2393/pdata/1/integrals.txt
     1     25.312     25.267        0.0710918
     2     25.212     25.162           0.1495
     3     25.162     25.115        -0.242027
     4     25.066     25.012       -0.0187419
     5      0.265      0.157         0.073563
     6      0.118      0.003        -0.192901
     7      0.002     -0.120        0.0972682
     8     -0.157     -0.264        -0.175413
     9    -36.473    -36.557        0.0656245
    10    -36.568    -36.663         0.145381
    11    -36.740    -36.836         0.132807
    12    -36.837    -36.937         0.169013

    
    ];
