dat = [...
%{
c = 0.25
%}




%/opt/nmrdata/tsmahesh/QXI_Hari_FalqonFact551Repeat/2399/pdata/1/integrals.txt
     1     25.312     25.267          2.27817
     2     25.212     25.162          2.28206
     3     25.162     25.115          2.25077
     4     25.066     25.012           2.2978
     5      0.265      0.157          2.53143
     6      0.118      0.003          2.48032
     7      0.002     -0.120          2.33756
     8     -0.157     -0.264          2.17282
     9    -36.473    -36.557          2.32325
    10    -36.568    -36.663          2.39407
    11    -36.740    -36.836          2.42943
    12    -36.837    -36.937          1.68462

%/opt/nmrdata/tsmahesh/QXI_Hari_FalqonFact551Repeat/2400/pdata/1/integrals.txt
     1     25.312     25.267         0.173143
     2     25.212     25.162       0.00385389
     3     25.162     25.115        -0.051604
     4     25.066     25.012         -0.20278
     5      0.265      0.157         0.222177
     6      0.118      0.003       -0.0479974
     7      0.002     -0.120        -0.118012
     8     -0.157     -0.264        -0.314945
     9    -36.473    -36.557         0.269188
    10    -36.568    -36.663        0.0557075
    11    -36.740    -36.836       -0.0975947
    12    -36.837    -36.937        -0.386861

%/opt/nmrdata/tsmahesh/QXI_Hari_FalqonFact551Repeat/2401/pdata/1/integrals.txt
     1     25.312     25.267       -0.0054601
     2     25.212     25.162       -0.0262745
     3     25.162     25.115       0.00765118
     4     25.066     25.012       -0.0545596
     5      0.265      0.157        0.0686955
     6      0.118      0.003        0.0605854
     7      0.002     -0.120        -0.194864
     8     -0.157     -0.264        -0.283045
     9    -36.473    -36.557         0.211409
    10    -36.568    -36.663         0.130875
    11    -36.740    -36.836        -0.139516
    12    -36.837    -36.937        -0.218746

%/opt/nmrdata/tsmahesh/QXI_Hari_FalqonFact551Repeat/2402/pdata/1/integrals.txt
     1     25.312     25.267        0.0937264
     2     25.212     25.162       -0.0911792
     3     25.162     25.115        0.0236546
     4     25.066     25.012        -0.169235
     5      0.265      0.157        -0.229479
     6      0.118      0.003        -0.193987
     7      0.002     -0.120       0.00602265
     8     -0.157     -0.264        -0.186839
     9    -36.473    -36.557       -0.0617635
    10    -36.568    -36.663         -0.25269
    11    -36.740    -36.836         0.221595
    12    -36.837    -36.937        -0.126869

%/opt/nmrdata/tsmahesh/QXI_Hari_FalqonFact551Repeat/2403/pdata/1/integrals.txt
     1     25.312     25.267         0.275615
     2     25.212     25.162       -0.0127829
     3     25.162     25.115       -0.0154501
     4     25.066     25.012        -0.233818
     5      0.265      0.157        -0.017357
     6      0.118      0.003        -0.259468
     7      0.002     -0.120         0.158485
     8     -0.157     -0.264        -0.110026
     9    -36.473    -36.557        0.0357855
    10    -36.568    -36.663         -0.16911
    11    -36.740    -36.836          0.26937
    12    -36.837    -36.937        -0.184892
    
    ];