dat = [...
%{
c = 0.25
%}

%/opt/nmrdata/tsmahesh/QXI_Hari_FalqonFact551Repeat/2199/pdata/1/integrals.txt
     1     25.312     25.267          2.27817
     2     25.212     25.162          2.28206
     3     25.162     25.115          2.25077
     4     25.066     25.012           2.2978
     5      0.265      0.157          2.53143
     6      0.118      0.003          2.48032
     7      0.002     -0.120          2.33756
     8     -0.157     -0.264          2.17282
     9    -36.473    -36.557          2.32325
    10    -36.568    -36.663          2.39407
    11    -36.740    -36.836          2.42943
    12    -36.837    -36.937          1.68462

%/opt/nmrdata/tsmahesh/QXI_Hari_FalqonFact551Repeat/2200/pdata/1/integrals.txt
     1     25.312     25.267       -0.0175101
     2     25.212     25.162        0.0617444
     3     25.162     25.115        0.0147874
     4     25.066     25.012        0.0545375
     5      0.265      0.157         0.177156
     6      0.118      0.003         0.210355
     7      0.002     -0.120        0.0535226
     8     -0.157     -0.264        -0.133661
     9    -36.473    -36.557        0.0390755
    10    -36.568    -36.663       -0.0403025
    11    -36.740    -36.836        -0.247101
    12    -36.837    -36.937        -0.111935

%/opt/nmrdata/tsmahesh/QXI_Hari_FalqonFact551Repeat/2201/pdata/1/integrals.txt
     1     25.312     25.267        -0.223772
     2     25.212     25.162       -0.0451665
     3     25.162     25.115         0.109921
     4     25.066     25.012         0.141123
     5      0.265      0.157        0.0470822
     6      0.118      0.003         0.414131
     7      0.002     -0.120        -0.130833
     8     -0.157     -0.264        0.0332482
     9    -36.473    -36.557          0.02502
    10    -36.568    -36.663      -0.00508145
    11    -36.740    -36.836        -0.252555
    12    -36.837    -36.937        -0.126549

%/opt/nmrdata/tsmahesh/QXI_Hari_FalqonFact551Repeat/2202/pdata/1/integrals.txt
     1     25.312     25.267        -0.187361
     2     25.212     25.162       -0.0652128
     3     25.162     25.115         0.128632
     4     25.066     25.012         0.204731
     5      0.265      0.157        -0.163604
     6      0.118      0.003         0.175017
     7      0.002     -0.120       -0.0801217
     8     -0.157     -0.264         0.161926
     9    -36.473    -36.557        -0.119841
    10    -36.568    -36.663        -0.140797
    11    -36.740    -36.836        0.0162229
    12    -36.837    -36.937        0.0908808

%/opt/nmrdata/tsmahesh/QXI_Hari_FalqonFact551Repeat/2203/pdata/1/integrals.txt
     1     25.312     25.267      -0.00437727
     2     25.212     25.162        0.0445663
     3     25.162     25.115        0.0211558
     4     25.066     25.012        0.0294822
     5      0.265      0.157        0.0252411
     6      0.118      0.003        0.0528431
     7      0.002     -0.120          0.11385
     8     -0.157     -0.264         0.020052
     9    -36.473    -36.557        -0.266925
    10    -36.568    -36.663        -0.418691
    11    -36.740    -36.836        -0.501671
    12    -36.837    -36.937        -0.429642
    
    
    ];