dat = [...





%/opt/nmrdata/tsmahesh/QXI_Hari_FalqonFact551Repeat/2409/pdata/1/integrals.txt
     1     25.312     25.267          2.27817
     2     25.212     25.162          2.28206
     3     25.162     25.115          2.25077
     4     25.066     25.012           2.2978
     5      0.265      0.157          2.53143
     6      0.118      0.003          2.48032
     7      0.002     -0.120          2.33756
     8     -0.157     -0.264          2.17282
     9    -36.473    -36.557          2.32325
    10    -36.568    -36.663          2.39407
    11    -36.740    -36.836          2.42943
    12    -36.837    -36.937          1.68462

%/opt/nmrdata/tsmahesh/QXI_Hari_FalqonFact551Repeat/2410/pdata/1/integrals.txt
     1     25.312     25.267         0.183007
     2     25.212     25.162       0.00814308
     3     25.162     25.115        0.0232509
     4     25.066     25.012        -0.264275
     5      0.265      0.157         0.292285
     6      0.118      0.003      0.000725756
     7      0.002     -0.120       -0.0637471
     8     -0.157     -0.264        -0.227464
     9    -36.473    -36.557         0.328595
    10    -36.568    -36.663       -0.0578878
    11    -36.740    -36.836       -0.0887552
    12    -36.837    -36.937        -0.371531

%/opt/nmrdata/tsmahesh/QXI_Hari_FalqonFact551Repeat/2411/pdata/1/integrals.txt
     1     25.312     25.267        0.0304278
     2     25.212     25.162       -0.0236194
     3     25.162     25.115        -0.114984
     4     25.066     25.012       0.00730789
     5      0.265      0.157         0.154275
     6      0.118      0.003         0.142223
     7      0.002     -0.120        -0.123008
     8     -0.157     -0.264        -0.214302
     9    -36.473    -36.557         0.127161
    10    -36.568    -36.663         0.168003
    11    -36.740    -36.836        -0.196412
    12    -36.837    -36.937        -0.269677

%/opt/nmrdata/tsmahesh/QXI_Hari_FalqonFact551Repeat/2412/pdata/1/integrals.txt
     1     25.312     25.267        0.0855244
     2     25.212     25.162        -0.108883
     3     25.162     25.115        0.0822495
     4     25.066     25.012        -0.191863
     5      0.265      0.157        -0.144638
     6      0.118      0.003        -0.163199
     7      0.002     -0.120       -0.0119422
     8     -0.157     -0.264        -0.119418
     9    -36.473    -36.557        0.0345354
    10    -36.568    -36.663        -0.192665
    11    -36.740    -36.836         0.231696
    12    -36.837    -36.937        -0.173997

%/opt/nmrdata/tsmahesh/QXI_Hari_FalqonFact551Repeat/2413/pdata/1/integrals.txt
     1     25.312     25.267         0.173066
     2     25.212     25.162        0.0640055
     3     25.162     25.115         -0.19255
     4     25.066     25.012        -0.063685
     5      0.265      0.157        0.0836087
     6      0.118      0.003       -0.0770882
     7      0.002     -0.120         0.136941
     8     -0.157     -0.264        -0.167921
     9    -36.473    -36.557        -0.133575
    10    -36.568    -36.663        -0.048514
    11    -36.740    -36.836        -0.126876
    12    -36.837    -36.937        -0.180693
    
    ];
