dat = [...
%{
c = 0.25
%}



%/opt/nmrdata/tsmahesh/QXI_Hari_FalqonFact551Repeat/2419/pdata/1/integrals.txt
     1     25.312     25.267          2.27817
     2     25.212     25.162          2.28206
     3     25.162     25.115          2.25077
     4     25.066     25.012           2.2978
     5      0.265      0.157          2.53143
     6      0.118      0.003          2.48032
     7      0.002     -0.120          2.33756
     8     -0.157     -0.264          2.17282
     9    -36.473    -36.557          2.32325
    10    -36.568    -36.663          2.39407
    11    -36.740    -36.836          2.42943
    12    -36.837    -36.937          1.68462

%/opt/nmrdata/tsmahesh/QXI_Hari_FalqonFact551Repeat/2420/pdata/1/integrals.txt
     1     25.312     25.267         0.210078
     2     25.212     25.162       -0.0294075
     3     25.162     25.115      -0.00897478
     4     25.066     25.012        -0.214354
     5      0.265      0.157         0.217576
     6      0.118      0.003        -0.134749
     7      0.002     -0.120        0.0455287
     8     -0.157     -0.264        -0.147419
     9    -36.473    -36.557         0.171139
    10    -36.568    -36.663         -0.12241
    11    -36.740    -36.836         0.094797
    12    -36.837    -36.937         -0.36809

%/opt/nmrdata/tsmahesh/QXI_Hari_FalqonFact551Repeat/2421/pdata/1/integrals.txt
     1     25.312     25.267        -0.049049
     2     25.212     25.162         0.152631
     3     25.162     25.115       -0.0813435
     4     25.066     25.012       -0.0705963
     5      0.265      0.157        0.0589202
     6      0.118      0.003       -0.0234085
     7      0.002     -0.120      -0.00713649
     8     -0.157     -0.264        -0.116712
     9    -36.473    -36.557        0.0668864
    10    -36.568    -36.663         0.058182
    11    -36.740    -36.836         -0.18227
    12    -36.837    -36.937        -0.137972

%/opt/nmrdata/tsmahesh/QXI_Hari_FalqonFact551Repeat/2422/pdata/1/integrals.txt
     1     25.312     25.267        0.0912622
     2     25.212     25.162        -0.106931
     3     25.162     25.115         0.100002
     4     25.066     25.012         -0.19134
     5      0.265      0.157        0.0195348
     6      0.118      0.003        -0.157718
     7      0.002     -0.120        0.0274459
     8     -0.157     -0.264        0.0318418
     9    -36.473    -36.557          0.16952
    10    -36.568    -36.663        -0.376604
    11    -36.740    -36.836        0.0421444
    12    -36.837    -36.937        -0.129456

%/opt/nmrdata/tsmahesh/QXI_Hari_FalqonFact551Repeat/2423/pdata/1/integrals.txt
     1     25.312     25.267      -0.00396668
     2     25.212     25.162         0.185981
     3     25.162     25.115        -0.265176
     4     25.066     25.012        -0.016635
     5      0.265      0.157         0.259414
     6      0.118      0.003         -0.15801
     7      0.002     -0.120       -0.0745684
     8     -0.157     -0.264        -0.173141
     9    -36.473    -36.557        0.0731188
    10    -36.568    -36.663         0.160939
    11    -36.740    -36.836        -0.210445
    12    -36.837    -36.937         0.139672
    
    ];