dat = [...
%{
c = 0.25
%}



%/opt/nmrdata/tsmahesh/QXI_Hari_FalqonFact551Repeat/2429/pdata/1/integrals.txt
     1     25.312     25.267          2.27817
     2     25.212     25.162          2.28206
     3     25.162     25.115          2.25077
     4     25.066     25.012           2.2978
     5      0.265      0.157          2.53143
     6      0.118      0.003          2.48032
     7      0.002     -0.120          2.33756
     8     -0.157     -0.264          2.17282
     9    -36.473    -36.557          2.32325
    10    -36.568    -36.663          2.39407
    11    -36.740    -36.836          2.42943
    12    -36.837    -36.937          1.68462

%/opt/nmrdata/tsmahesh/QXI_Hari_FalqonFact551Repeat/2430/pdata/1/integrals.txt
     1     25.312     25.267         0.235985
     2     25.212     25.162       -0.0198369
     3     25.162     25.115       -0.0449979
     4     25.066     25.012        -0.212748
     5      0.265      0.157          0.17095
     6      0.118      0.003        -0.108026
     7      0.002     -0.120       -0.0541468
     8     -0.157     -0.264        -0.283188
     9    -36.473    -36.557         0.194348
    10    -36.568    -36.663       -0.0321237
    11    -36.740    -36.836         0.153308
    12    -36.837    -36.937        -0.489133

%/opt/nmrdata/tsmahesh/QXI_Hari_FalqonFact551Repeat/2431/pdata/1/integrals.txt
     1     25.312     25.267       -0.0658648
     2     25.212     25.162         0.142139
     3     25.162     25.115        0.0111134
     4     25.066     25.012        -0.106382
     5      0.265      0.157        0.0898747
     6      0.118      0.003       -0.0683245
     7      0.002     -0.120        -0.179812
     8     -0.157     -0.264        -0.217883
     9    -36.473    -36.557         0.115669
    10    -36.568    -36.663        0.0663342
    11    -36.740    -36.836        -0.124911
    12    -36.837    -36.937        -0.136753

%/opt/nmrdata/tsmahesh/QXI_Hari_FalqonFact551Repeat/2432/pdata/1/integrals.txt
     1     25.312     25.267        0.0636188
     2     25.212     25.162       -0.0513649
     3     25.162     25.115        0.0890497
     4     25.066     25.012        -0.229571
     5      0.265      0.157       -0.0707365
     6      0.118      0.003        -0.276793
     7      0.002     -0.120         0.179521
     8     -0.157     -0.264         0.193322
     9    -36.473    -36.557        -0.017354
    10    -36.568    -36.663        -0.556917
    11    -36.740    -36.836         0.218636
    12    -36.837    -36.937       -0.0516639

%/opt/nmrdata/tsmahesh/QXI_Hari_FalqonFact551Repeat/2433/pdata/1/integrals.txt
     1     25.312     25.267        0.0948242
     2     25.212     25.162         0.106441
     3     25.162     25.115       -0.0690028
     4     25.066     25.012        -0.159552
     5      0.265      0.157       -0.0393715
     6      0.118      0.003        -0.400228
     7      0.002     -0.120           0.1791
     8     -0.157     -0.264         0.119544
     9    -36.473    -36.557        -0.112904
    10    -36.568    -36.663        -0.326408
    11    -36.740    -36.836         0.228268
    12    -36.837    -36.937         0.165482
    
    ];