dat = [...


%/opt/nmrdata/tsmahesh/QXI_Hari_FalqonFact551Repeat/2209/pdata/1/integrals.txt
     1     25.312     25.267          2.27817
     2     25.212     25.162          2.28206
     3     25.162     25.115          2.25077
     4     25.066     25.012           2.2978
     5      0.265      0.157          2.53143
     6      0.118      0.003          2.48032
     7      0.002     -0.120          2.33756
     8     -0.157     -0.264          2.17282
     9    -36.473    -36.557          2.32325
    10    -36.568    -36.663          2.39407
    11    -36.740    -36.836          2.42943
    12    -36.837    -36.937          1.68462

%/opt/nmrdata/tsmahesh/QXI_Hari_FalqonFact551Repeat/2210/pdata/1/integrals.txt
     1     25.312     25.267       -0.0344124
     2     25.212     25.162         0.032331
     3     25.162     25.115        0.0469251
     4     25.066     25.012       -0.0936651
     5      0.265      0.157       -0.0830892
     6      0.118      0.003         0.134765
     7      0.002     -0.120          0.23632
     8     -0.157     -0.264        0.0557188
     9    -36.473    -36.557         0.153121
    10    -36.568    -36.663       -0.0651004
    11    -36.740    -36.836        -0.225481
    12    -36.837    -36.937        -0.167923

%/opt/nmrdata/tsmahesh/QXI_Hari_FalqonFact551Repeat/2211/pdata/1/integrals.txt
     1     25.312     25.267        -0.299321
     2     25.212     25.162        -0.154223
     3     25.162     25.115         0.179617
     4     25.066     25.012         0.184277
     5      0.265      0.157        -0.266861
     6      0.118      0.003         0.438393
     7      0.002     -0.120       -0.0524211
     8     -0.157     -0.264         0.306535
     9    -36.473    -36.557       0.00797446
    10    -36.568    -36.663        0.0282167
    11    -36.740    -36.836        -0.194893
    12    -36.837    -36.937         -0.17933

%/opt/nmrdata/tsmahesh/QXI_Hari_FalqonFact551Repeat/2212/pdata/1/integrals.txt
     1     25.312     25.267        -0.270658
     2     25.212     25.162        -0.200644
     3     25.162     25.115          0.23581
     4     25.066     25.012         0.126931
     5      0.265      0.157        -0.401212
     6      0.118      0.003         0.331451
     7      0.002     -0.120      -0.00417168
     8     -0.157     -0.264          0.27898
     9    -36.473    -36.557        0.0352541
    10    -36.568    -36.663        -0.160087
    11    -36.740    -36.836      -0.00109922
    12    -36.837    -36.937        0.0152372

%/opt/nmrdata/tsmahesh/QXI_Hari_FalqonFact551Repeat/2213/pdata/1/integrals.txt
     1     25.312     25.267        0.0437732
     2     25.212     25.162       -0.0407293
     3     25.162     25.115       -0.0295239
     4     25.066     25.012       -0.0666465
     5      0.265      0.157        0.0179184
     6      0.118      0.003         0.235698
     7      0.002     -0.120       0.00335041
     8     -0.157     -0.264       -0.0936876
     9    -36.473    -36.557         0.305009
    10    -36.568    -36.663         0.144054
    11    -36.740    -36.836        -0.126526
    12    -36.837    -36.937        -0.189357


];
