dat = [...

%/opt/nmrdata/tsmahesh/QXI_Hari_FalqonFact551Repeat/2219/pdata/1/integrals.txt
     1     25.312     25.267          2.27817
     2     25.212     25.162          2.28206
     3     25.162     25.115          2.25077
     4     25.066     25.012           2.2978
     5      0.265      0.157          2.53143
     6      0.118      0.003          2.48032
     7      0.002     -0.120          2.33756
     8     -0.157     -0.264          2.17282
     9    -36.473    -36.557          2.32325
    10    -36.568    -36.663          2.39407
    11    -36.740    -36.836          2.42943
    12    -36.837    -36.937          1.68462

%/opt/nmrdata/tsmahesh/QXI_Hari_FalqonFact551Repeat/2220/pdata/1/integrals.txt
     1     25.312     25.267        0.0294574
     2     25.212     25.162      -0.00129089
     3     25.162     25.115       -0.0319986
     4     25.066     25.012       -0.0566788
     5      0.265      0.157        -0.165663
     6      0.118      0.003       -0.0854495
     7      0.002     -0.120      -0.00233116
     8     -0.157     -0.264       -0.0605493
     9    -36.473    -36.557         0.168824
    10    -36.568    -36.663       -0.0435789
    11    -36.740    -36.836         -0.12675
    12    -36.837    -36.937        -0.182758

%/opt/nmrdata/tsmahesh/QXI_Hari_FalqonFact551Repeat/2221/pdata/1/integrals.txt
     1     25.312     25.267        -0.291472
     2     25.212     25.162         -0.14371
     3     25.162     25.115        0.0629813
     4     25.066     25.012         0.241477
     5      0.265      0.157        -0.358398
     6      0.118      0.003         0.267096
     7      0.002     -0.120        -0.338019
     8     -0.157     -0.264          0.18557
     9    -36.473    -36.557        -0.020684
    10    -36.568    -36.663         0.149288
    11    -36.740    -36.836        -0.150695
    12    -36.837    -36.937        -0.186172

%/opt/nmrdata/tsmahesh/QXI_Hari_FalqonFact551Repeat/2222/pdata/1/integrals.txt
     1     25.312     25.267        -0.267056
     2     25.212     25.162        -0.159546
     3     25.162     25.115         0.215656
     4     25.066     25.012         0.108696
     5      0.265      0.157        -0.593937
     6      0.118      0.003        0.0294654
     7      0.002     -0.120         0.199998
     8     -0.157     -0.264         0.457649
     9    -36.473    -36.557        -0.195629
    10    -36.568    -36.663        -0.374275
    11    -36.740    -36.836          0.15854
    12    -36.837    -36.937         0.076177

%/opt/nmrdata/tsmahesh/QXI_Hari_FalqonFact551Repeat/2223/pdata/1/integrals.txt
     1     25.312     25.267        0.0640687
     2     25.212     25.162       0.00885278
     3     25.162     25.115         -0.21033
     4     25.066     25.012        0.0266506
     5      0.265      0.157        -0.398159
     6      0.118      0.003        -0.238764
     7      0.002     -0.120         0.261803
     8     -0.157     -0.264         0.107761
     9    -36.473    -36.557        -0.133011
    10    -36.568    -36.663       -0.0792298
    11    -36.740    -36.836         0.349212
    12    -36.837    -36.937         0.410629

];
