dat = [...
%{
c = 0.25
%}



%/opt/nmrdata/tsmahesh/QXI_Hari_FalqonFact551Repeat/2229/pdata/1/integrals.txt
     1     25.312     25.267          2.27817
     2     25.212     25.162          2.28206
     3     25.162     25.115          2.25077
     4     25.066     25.012           2.2978
     5      0.265      0.157          2.53143
     6      0.118      0.003          2.48032
     7      0.002     -0.120          2.33756
     8     -0.157     -0.264          2.17282
     9    -36.473    -36.557          2.32325
    10    -36.568    -36.663          2.39407
    11    -36.740    -36.836          2.42943
    12    -36.837    -36.937          1.68462

%/opt/nmrdata/tsmahesh/QXI_Hari_FalqonFact551Repeat/2230/pdata/1/integrals.txt
     1     25.312     25.267         0.148547
     2     25.212     25.162        0.0722868
     3     25.162     25.115        -0.119824
     4     25.066     25.012       -0.0992343
     5      0.265      0.157         0.292248
     6      0.118      0.003       0.00176567
     7      0.002     -0.120       0.00287435
     8     -0.157     -0.264        -0.246937
     9    -36.473    -36.557         0.197471
    10    -36.568    -36.663        -0.028659
    11    -36.740    -36.836        -0.193573
    12    -36.837    -36.937        -0.337417

%/opt/nmrdata/tsmahesh/QXI_Hari_FalqonFact551Repeat/2231/pdata/1/integrals.txt
     1     25.312     25.267        -0.287864
     2     25.212     25.162        0.0431516
     3     25.162     25.115         0.133693
     4     25.066     25.012     -0.000684643
     5      0.265      0.157        0.0355727
     6      0.118      0.003         0.399434
     7      0.002     -0.120        -0.314528
     8     -0.157     -0.264       -0.0585091
     9    -36.473    -36.557         0.171707
    10    -36.568    -36.663        0.0649904
    11    -36.740    -36.836        -0.325927
    12    -36.837    -36.937        -0.258876

%/opt/nmrdata/tsmahesh/QXI_Hari_FalqonFact551Repeat/2232/pdata/1/integrals.txt
     1     25.312     25.267        -0.192396
     2     25.212     25.162        -0.053044
     3     25.162     25.115         0.159997
     4     25.066     25.012       -0.0253621
     5      0.265      0.157        -0.155038
     6      0.118      0.003        -0.263915
     7      0.002     -0.120        -0.164689
     8     -0.157     -0.264         0.385336
     9    -36.473    -36.557       -0.0786231
    10    -36.568    -36.663        -0.415695
    11    -36.740    -36.836        0.0981046
    12    -36.837    -36.937        0.0929897

%/opt/nmrdata/tsmahesh/QXI_Hari_FalqonFact551Repeat/2233/pdata/1/integrals.txt
     1     25.312     25.267        0.0280676
     2     25.212     25.162         0.265875
     3     25.162     25.115        -0.104966
     4     25.066     25.012        -0.243141
     5      0.265      0.157         0.113863
     6      0.118      0.003        -0.451791
     7      0.002     -0.120         0.110141
     8     -0.157     -0.264         0.180704
     9    -36.473    -36.557        -0.107713
    10    -36.568    -36.663        -0.561892
    11    -36.740    -36.836       -0.0606524
    12    -36.837    -36.937         0.305993


    
];