dat = [...
%{
c = 0.25
%}



%/opt/nmrdata/tsmahesh/QXI_Hari_FalqonFact551Repeat/2239/pdata/1/integrals.txt
     1     25.312     25.267          2.27817
     2     25.212     25.162          2.28206
     3     25.162     25.115          2.25077
     4     25.066     25.012           2.2978
     5      0.265      0.157          2.53143
     6      0.118      0.003          2.48032
     7      0.002     -0.120          2.33756
     8     -0.157     -0.264          2.17282
     9    -36.473    -36.557          2.32325
    10    -36.568    -36.663          2.39407
    11    -36.740    -36.836          2.42943
    12    -36.837    -36.937          1.68462

%/opt/nmrdata/tsmahesh/QXI_Hari_FalqonFact551Repeat/2240/pdata/1/integrals.txt
     1     25.312     25.267         0.171266
     2     25.212     25.162       0.00981326
     3     25.162     25.115      0.000338658
     4     25.066     25.012        -0.136258
     5      0.265      0.157          0.23549
     6      0.118      0.003        0.0372813
     7      0.002     -0.120         0.148252
     8     -0.157     -0.264       -0.0493727
     9    -36.473    -36.557         0.178623
    10    -36.568    -36.663       -0.0693045
    11    -36.740    -36.836       -0.0142485
    12    -36.837    -36.937        -0.305454

%/opt/nmrdata/tsmahesh/QXI_Hari_FalqonFact551Repeat/2241/pdata/1/integrals.txt
     1     25.312     25.267        -0.244865
     2     25.212     25.162         0.015165
     3     25.162     25.115         0.150774
     4     25.066     25.012        0.0414184
     5      0.265      0.157        0.0746408
     6      0.118      0.003         0.296906
     7      0.002     -0.120        -0.065475
     8     -0.157     -0.264        0.0720657
     9    -36.473    -36.557        0.0712988
    10    -36.568    -36.663       -0.0398655
    11    -36.740    -36.836        -0.141162
    12    -36.837    -36.937        -0.147998

%/opt/nmrdata/tsmahesh/QXI_Hari_FalqonFact551Repeat/2242/pdata/1/integrals.txt
     1     25.312     25.267       -0.0727257
     2     25.212     25.162        -0.029681
     3     25.162     25.115         0.167024
     4     25.066     25.012        -0.147198
     5      0.265      0.157         0.224189
     6      0.118      0.003        0.0921246
     7      0.002     -0.120        -0.302251
     8     -0.157     -0.264       -0.0545379
     9    -36.473    -36.557         0.232468
    10    -36.568    -36.663        -0.233134
    11    -36.740    -36.836       -0.0398237
    12    -36.837    -36.937        -0.157511

%/opt/nmrdata/tsmahesh/QXI_Hari_FalqonFact551Repeat/2243/pdata/1/integrals.txt
     1     25.312     25.267         0.154681
     2     25.212     25.162         0.184539
     3     25.162     25.115       -0.0882488
     4     25.066     25.012        -0.280556
     5      0.265      0.157         0.506583
     6      0.118      0.003        0.0144307
     7      0.002     -0.120        -0.231562
     8     -0.157     -0.264        -0.224923
     9    -36.473    -36.557         0.326942
    10    -36.568    -36.663        0.0766842
    11    -36.740    -36.836         -0.25355
    12    -36.837    -36.937        -0.104707

    
];