dat = [...
%{
c = 0.25
%}




%/opt/nmrdata/tsmahesh/QXI_Hari_FalqonFact551Repeat/2249/pdata/1/integrals.txt
     1     25.312     25.267          2.27817
     2     25.212     25.162          2.28206
     3     25.162     25.115          2.25077
     4     25.066     25.012           2.2978
     5      0.265      0.157          2.53143
     6      0.118      0.003          2.48032
     7      0.002     -0.120          2.33756
     8     -0.157     -0.264          2.17282
     9    -36.473    -36.557          2.32325
    10    -36.568    -36.663          2.39407
    11    -36.740    -36.836          2.42943
    12    -36.837    -36.937          1.68462

%/opt/nmrdata/tsmahesh/QXI_Hari_FalqonFact551Repeat/2250/pdata/1/integrals.txt
     1     25.312     25.267         0.127588
     2     25.212     25.162       -0.0694163
     3     25.162     25.115       -0.0297667
     4     25.066     25.012       -0.0102932
     5      0.265      0.157         0.119508
     6      0.118      0.003         0.119812
     7      0.002     -0.120      -0.00085407
     8     -0.157     -0.264        -0.238159
     9    -36.473    -36.557        0.0813789
    10    -36.568    -36.663         0.178275
    11    -36.740    -36.836        0.0551194
    12    -36.837    -36.937        -0.472249

%/opt/nmrdata/tsmahesh/QXI_Hari_FalqonFact551Repeat/2251/pdata/1/integrals.txt
     1     25.312     25.267       -0.0894096
     2     25.212     25.162        -0.143029
     3     25.162     25.115         0.053452
     4     25.066     25.012        0.0871101
     5      0.265      0.157        0.0903109
     6      0.118      0.003         0.209828
     7      0.002     -0.120        -0.228097
     8     -0.157     -0.264       -0.0698071
     9    -36.473    -36.557         0.109957
    10    -36.568    -36.663         0.234189
    11    -36.740    -36.836        0.0191649
    12    -36.837    -36.937        -0.380142

%/opt/nmrdata/tsmahesh/QXI_Hari_FalqonFact551Repeat/2252/pdata/1/integrals.txt
     1     25.312     25.267       -0.0159341
     2     25.212     25.162        0.0191519
     3     25.162     25.115       0.00349707
     4     25.066     25.012        -0.123862
     5      0.265      0.157        0.0373955
     6      0.118      0.003         0.219104
     7      0.002     -0.120         0.145207
     8     -0.157     -0.264         -0.26208
     9    -36.473    -36.557       -0.0478127
    10    -36.568    -36.663       -0.0244768
    11    -36.740    -36.836       0.00954452
    12    -36.837    -36.937        -0.312523

%/opt/nmrdata/tsmahesh/QXI_Hari_FalqonFact551Repeat/2253/pdata/1/integrals.txt
     1     25.312     25.267         0.338628
     2     25.212     25.162        -0.142155
     3     25.162     25.115        -0.207504
     4     25.066     25.012       -0.0307678
     5      0.265      0.157      -0.00826169
     6      0.118      0.003         0.126312
     7      0.002     -0.120          0.14292
     8     -0.157     -0.264        -0.422185
     9    -36.473    -36.557        -0.198651
    10    -36.568    -36.663         0.155869
    11    -36.740    -36.836         0.174429
    12    -36.837    -36.937        -0.415015
    
];