dat = [...
%{
c = 0.25
%}





%/opt/nmrdata/tsmahesh/QXI_Hari_FalqonFact551Repeat/2259/pdata/1/integrals.txt
     1     25.312     25.267          2.27817
     2     25.212     25.162          2.28206
     3     25.162     25.115          2.25077
     4     25.066     25.012           2.2978
     5      0.265      0.157          2.53143
     6      0.118      0.003          2.48032
     7      0.002     -0.120          2.33756
     8     -0.157     -0.264          2.17282
     9    -36.473    -36.557          2.32325
    10    -36.568    -36.663          2.39407
    11    -36.740    -36.836          2.42943
    12    -36.837    -36.937          1.68462

%/opt/nmrdata/tsmahesh/QXI_Hari_FalqonFact551Repeat/2260/pdata/1/integrals.txt
     1     25.312     25.267         0.104544
     2     25.212     25.162       -0.0168175
     3     25.162     25.115        -0.126831
     4     25.066     25.012       -0.0397382
     5      0.265      0.157         0.204605
     6      0.118      0.003         0.090556
     7      0.002     -0.120        0.0191453
     8     -0.157     -0.264         -0.28882
     9    -36.473    -36.557         0.182232
    10    -36.568    -36.663          0.21592
    11    -36.740    -36.836         -0.19948
    12    -36.837    -36.937        -0.487403

%/opt/nmrdata/tsmahesh/QXI_Hari_FalqonFact551Repeat/2261/pdata/1/integrals.txt
     1     25.312     25.267         0.105377
     2     25.212     25.162        -0.170832
     3     25.162     25.115         0.191579
     4     25.066     25.012        -0.192075
     5      0.265      0.157         0.159094
     6      0.118      0.003          0.26834
     7      0.002     -0.120         -0.22395
     8     -0.157     -0.264        -0.180105
     9    -36.473    -36.557         0.373855
    10    -36.568    -36.663        0.0196171
    11    -36.740    -36.836        -0.107549
    12    -36.837    -36.937        -0.559801

%/opt/nmrdata/tsmahesh/QXI_Hari_FalqonFact551Repeat/2262/pdata/1/integrals.txt
     1     25.312     25.267       -0.0174633
     2     25.212     25.162        0.0913673
     3     25.162     25.115       -0.0661014
     4     25.066     25.012        -0.151731
     5      0.265      0.157        0.0664491
     6      0.118      0.003        -0.145582
     7      0.002     -0.120        0.0651708
     8     -0.157     -0.264      -0.00102381
     9    -36.473    -36.557        0.0939524
    10    -36.568    -36.663        -0.121853
    11    -36.740    -36.836        -0.201214
    12    -36.837    -36.937         -0.17576

%/opt/nmrdata/tsmahesh/QXI_Hari_FalqonFact551Repeat/2263/pdata/1/integrals.txt
     1     25.312     25.267         0.298932
     2     25.212     25.162        -0.129328
     3     25.162     25.115        0.0838251
     4     25.066     25.012        -0.284447
     5      0.265      0.157         0.105944
     6      0.118      0.003        -0.208073
     7      0.002     -0.120        0.0568025
     8     -0.157     -0.264       -0.0594496
     9    -36.473    -36.557         0.217881
    10    -36.568    -36.663        -0.290592
    11    -36.740    -36.836         0.293442
    12    -36.837    -36.937        -0.187089
    
];