dat = [...




%/opt/nmrdata/tsmahesh/QXI_Hari_FalqonFact551Repeat/2269/pdata/1/integrals.txt
     1     25.312     25.267          2.27817
     2     25.212     25.162          2.28206
     3     25.162     25.115          2.25077
     4     25.066     25.012           2.2978
     5      0.265      0.157          2.53143
     6      0.118      0.003          2.48032
     7      0.002     -0.120          2.33756
     8     -0.157     -0.264          2.17282
     9    -36.473    -36.557          2.32325
    10    -36.568    -36.663          2.39407
    11    -36.740    -36.836          2.42943
    12    -36.837    -36.937          1.68462

%/opt/nmrdata/tsmahesh/QXI_Hari_FalqonFact551Repeat/2270/pdata/1/integrals.txt
     1     25.312     25.267         0.119259
     2     25.212     25.162        0.0332673
     3     25.162     25.115       -0.0180679
     4     25.066     25.012        -0.156146
     5      0.265      0.157         0.348979
     6      0.118      0.003       -0.0905943
     7      0.002     -0.120        -0.128886
     8     -0.157     -0.264        -0.073326
     9    -36.473    -36.557          0.27721
    10    -36.568    -36.663       -0.0446141
    11    -36.740    -36.836        -0.238495
    12    -36.837    -36.937        -0.340376

%/opt/nmrdata/tsmahesh/QXI_Hari_FalqonFact551Repeat/2271/pdata/1/integrals.txt
     1     25.312     25.267        0.0476385
     2     25.212     25.162       -0.0250937
     3     25.162     25.115        0.0894342
     4     25.066     25.012       -0.0763514
     5      0.265      0.157        0.0948797
     6      0.118      0.003         0.220652
     7      0.002     -0.120       -0.0931446
     8     -0.157     -0.264        -0.171404
     9    -36.473    -36.557         0.165648
    10    -36.568    -36.663        0.0291077
    11    -36.740    -36.836        -0.184974
    12    -36.837    -36.937        -0.449697

%/opt/nmrdata/tsmahesh/QXI_Hari_FalqonFact551Repeat/2272/pdata/1/integrals.txt
     1     25.312     25.267         0.109276
     2     25.212     25.162       -0.0469184
     3     25.162     25.115       -0.0100194
     4     25.066     25.012         -0.14407
     5      0.265      0.157         0.027884
     6      0.118      0.003        -0.299191
     7      0.002     -0.120        -0.209722
     8     -0.157     -0.264       0.00838101
     9    -36.473    -36.557          0.11399
    10    -36.568    -36.663         -0.28613
    11    -36.740    -36.836       -0.0757602
    12    -36.837    -36.937        -0.153194

%/opt/nmrdata/tsmahesh/QXI_Hari_FalqonFact551Repeat/2273/pdata/1/integrals.txt
     1     25.312     25.267        0.0321495
     2     25.212     25.162         0.133274
     3     25.162     25.115       -0.0651681
     4     25.066     25.012        -0.144129
     5      0.265      0.157         0.232491
     6      0.118      0.003        -0.272981
     7      0.002     -0.120        -0.136349
     8     -0.157     -0.264        0.0340405
     9    -36.473    -36.557         0.212433
    10    -36.568    -36.663         0.026506
    11    -36.740    -36.836       -0.0382067
    12    -36.837    -36.937         0.227357



    
    
];
