dat = [...
%{
c = 0.25
%}







%/opt/nmrdata/tsmahesh/QXI_Hari_FalqonFact551Repeat/2279/pdata/1/integrals.txt
     1     25.312     25.267          2.27817
     2     25.212     25.162          2.28206
     3     25.162     25.115          2.25077
     4     25.066     25.012           2.2978
     5      0.265      0.157          2.53143
     6      0.118      0.003          2.48032
     7      0.002     -0.120          2.33756
     8     -0.157     -0.264          2.17282
     9    -36.473    -36.557          2.32325
    10    -36.568    -36.663          2.39407
    11    -36.740    -36.836          2.42943
    12    -36.837    -36.937          1.68462

%/opt/nmrdata/tsmahesh/QXI_Hari_FalqonFact551Repeat/2280/pdata/1/integrals.txt
     1     25.312     25.267         0.131691
     2     25.212     25.162        0.0617752
     3     25.162     25.115       -0.0923137
     4     25.066     25.012         -0.13331
     5      0.265      0.157         0.344405
     6      0.118      0.003        0.0656943
     7      0.002     -0.120        -0.123046
     8     -0.157     -0.264        -0.308593
     9    -36.473    -36.557         0.170306
    10    -36.568    -36.663        0.0699434
    11    -36.740    -36.836        -0.116717
    12    -36.837    -36.937           -0.413

%/opt/nmrdata/tsmahesh/QXI_Hari_FalqonFact551Repeat/2281/pdata/1/integrals.txt
     1     25.312     25.267        0.0375569
     2     25.212     25.162         0.101078
     3     25.162     25.115        0.0234341
     4     25.066     25.012       -0.0958885
     5      0.265      0.157         0.142581
     6      0.118      0.003         0.158583
     7      0.002     -0.120        -0.130588
     8     -0.157     -0.264        -0.187388
     9    -36.473    -36.557         0.300761
    10    -36.568    -36.663         0.114286
    11    -36.740    -36.836        -0.200327
    12    -36.837    -36.937        -0.374958

%/opt/nmrdata/tsmahesh/QXI_Hari_FalqonFact551Repeat/2282/pdata/1/integrals.txt
     1     25.312     25.267        0.0700745
     2     25.212     25.162        0.0208095
     3     25.162     25.115       -0.0528757
     4     25.066     25.012         -0.13627
     5      0.265      0.157       -0.0105309
     6      0.118      0.003        -0.241997
     7      0.002     -0.120       -0.0909105
     8     -0.157     -0.264        -0.183764
     9    -36.473    -36.557       -0.0120411
    10    -36.568    -36.663        -0.218987
    11    -36.740    -36.836        0.0547024
    12    -36.837    -36.937        -0.118435

%/opt/nmrdata/tsmahesh/QXI_Hari_FalqonFact551Repeat/2283/pdata/1/integrals.txt
     1     25.312     25.267       -0.0301571
     2     25.212     25.162         0.123665
     3     25.162     25.115        -0.214755
     4     25.066     25.012        0.0116116
     5      0.265      0.157          0.10001
     6      0.118      0.003        -0.106895
     7      0.002     -0.120        0.0511963
     8     -0.157     -0.264        -0.144479
     9    -36.473    -36.557        -0.149191
    10    -36.568    -36.663       0.00414315
    11    -36.740    -36.836        -0.203803
    12    -36.837    -36.937        0.0328471
    
];